6
10
12 24 26 54 7 40 45 51 47 78 32 69 35 82 13 45 24 33 7 14 
5
54
49
35
91
61

25
8 81 116 122 79 97 6 46 112 223 93 196 122 137 52 130 122 242 118 176 30 31 115 145 97 178 89 173 84 204 75 91 78 78 69 90 31 126 20 126 74 144 17 104 21 124 76 147 44 79 
25
238
208
190
149
142
64
216
44
216
48
67
196
15
60
86
79
233
59
171
47
69
165
109
164
198

50
1 500 500 500 168 311 26 221 195 296 116 176 147 284 201 223 20 173 172 412 113 120 208 382 12 28 54 64 67 138 149 201 169 366 185 409 192 270 27 118 207 438 243 437 212 262 142 175 166 247 39 110 166 319 34 127 75 215 173 407 101 227 48 202 81 122 120 137 3 26 104 121 120 142 181 357 1 23 167 403 186 234 89 306 101 187 212 395 90 180 81 329 184 276 208 430 61 110 75 233 
50
369
288
169
20
496
140
76
357
93
246
36
364
293
10
305
267
242
478
376
155
366
250
4
408
410
408
329
499
128
222
220
451
268
187
489
161
399
55
349
371
298
62
108
425
181
317
51
311
384
98

15
152 152 98 98 63 63 174 252 182 312 116 181 1 92 52 203 146 190 117 130 8 118 141 238 22 67 87 91 136 327 
8
152
219
141
205
347
67
152
63

20
137 191 187 295 134 260 184 330 134 294 184 347 51 225 101 312 46 59 96 229 27 212 77 306 56 176 106 288 82 269 132 334 132 134 182 267 132 314 182 357 
15
325
344
249
272
282
188
185
185
102
97
78
107
133
183
183

15
174 194 84 174 120 248 30 108 32 183 89 121 16 121 132 238 65 148 122 312 37 93 87 280 83 197 185 343 192 192 
8
174
254
181
147
36
208
232
132

